nei_sensing,lit_sensing,rVel,turn_prob,turn_prob_max,turn_prob_min,abandon_prob,capacity,umin,umax,n_stddev,n_mean,escape_dist,call_scale,repel_scale,log_rate,max_step_size, 
2,0.25,10,0.0002,1,0.0002,0.5,3,0,1,1.5707963268,3.1415926536,1,1,1,0.01,0.002, 
2,0.5,10,0.0002,1,0.0002,0.5,3,0,1,1.5707963268,3.1415926536,1,1,2,0.01,0.002, 
3,1,10,0.0002,1,0.0002,0.5,3,0,1,1.5707963268,3.1415926536,1,1,2,0.01,0.002, 
4,2,10,0.0002,1,0.0002,0.5,3,0,1,1.5707963268,3.1415926536,1,1,2,0.01,0.002, 
2,4,10,0.0002,1,0.0002,0.5,3,0,1,1.5707963268,3.1415926536,1,1,2,0.01,0.002, 
2,5,10,0.0002,1,0.0002,0.5,3,0,1,1.5707963268,3.1415926536,1,1,2,0.01,0.002, 
2,6,10,0.0002,1,0.0002,0.5,3,0,1,1.5707963268,3.1415926536,1,1,2,0.01,0.002, 
2,10,10,0.0002,1,0.0002,0.5,3,0,1,1.5707963268,3.1415926536,1,1,2,0.01,0.002, 
2,15,10,0.0002,1,0.0002,0.5,3,0,1,1.5707963268,3.1415926536,1,1,2,0.01,0.002, 
